teams: ['m11s53', 'm11tree', 'm11att']
expanded results: defaultdict(<function scorear at 0x7fa2e2a3ef70>, {'m11s53g0': [15, 90, 95]})
matrix results:
[[[[ 0  0  0]
   [ 0  0  0]
   [ 0  0  0]]

  [[ 1  2  1]
   [ 1  7 14]
   [ 2  9 14]]

  [[ 0  3  1]
   [ 2  7  7]
   [ 1 13 15]]]


 [[[ 0  0  0]
   [ 0  0  0]
   [ 0  0  0]]

  [[ 0  0  0]
   [ 0  0  0]
   [ 0  0  0]]

  [[ 0  0  0]
   [ 0  0  0]
   [ 0  0  0]]]


 [[[ 0  0  0]
   [ 0  0  0]
   [ 0  0  0]]

  [[ 0  0  0]
   [ 0  0  0]
   [ 0  0  0]]

  [[ 0  0  0]
   [ 0  0  0]
   [ 0  0  0]]]]
simple results:
[[  0 -14 -13]
 [ 14   0   0]
 [ 13   0   0]]
game_totals: 
[[  0 102  98]
 [102   0   0]
 [ 98   0   0]]
pre_totals:
[[  0 104 102]
 [  0   0   0]
 [  0   0   0]]
metrics:
[1.0, 1.0, 1.0]valaf: [nan, 0.0, 0.0] valafen: [nan, 0.0, 0.0]