teams: ['m11s53', 'm11tree', 'm11att']
expanded results: defaultdict(<function scorear at 0x7f2c300b2550>, {'m11s53xm11att_5': [2, 9, 9], 'm11attxm11s53_5': [0, 12, 8], 'm11s53xm11tree_5': [1, 9, 11], 'm11treexm11s53_5': [1, 15, 5]})
matrix results:
[[[[0 0 0]
   [0 0 0]
   [0 0 0]]

  [[0 0 1]
   [1 1 7]
   [0 4 7]]

  [[0 2 0]
   [0 2 7]
   [0 4 5]]]


 [[[0 0 0]
   [0 0 0]
   [0 0 0]]

  [[0 0 0]
   [0 0 0]
   [0 0 0]]

  [[0 0 0]
   [0 0 0]
   [0 0 0]]]


 [[[0 0 0]
   [0 0 0]
   [0 0 0]]

  [[0 0 0]
   [0 0 0]
   [0 0 0]]

  [[0 0 0]
   [0 0 0]
   [0 0 0]]]]
simple results:
[[  0 -12  -4]
 [ 12   0   0]
 [  4   0   0]]
game_totals: 
[[ 0 42 40]
 [42  0  0]
 [40  0  0]]
pre_totals:
[[ 0 44 44]
 [ 0  0  0]
 [ 0  0  0]]
metrics:
[0.7457288748444668, 0.7757302069154589, 0.6729495994657014]valaf: [nan, 0.017238455009794422, 0.025299112537017172] valafen: [nan, 0.013815509965908463, 0.010899266647713669]